3 0.6141666666666666 0.22833333333333333 0.17166666666666666 0.21666666666666667
0 0.6141666666666666 0.22833333333333333 0.17166666666666666 0.21666666666666667
0 0.3425 0.33 0.11166666666666666 0.10333333333333333
2 0.1025 0.3408333333333333 0.205 0.20166666666666666
6 0.5125 0.34833333333333333 0.20166666666666666 0.05
0 0.8141666666666667 0.36666666666666664 0.34833333333333333 0.31333333333333335
0 0.165 0.36916666666666664 0.17 0.17166666666666666
2 0.8266666666666667 0.4141666666666667 0.3433333333333333 0.4083333333333333
6 0.52 0.52 0.24 0.056666666666666664
3 0.32666666666666666 0.6633333333333333 0.11333333333333333 0.23
0 0.3575 0.135 0.12166666666666667 0.07666666666666666