2 0.9375 0.9258333333333333 0.12166666666666667 0.145
2 0.7658333333333334 0.76 0.28833333333333333 0.22333333333333333
3 0.68 0.8791666666666667 0.21666666666666667 0.20166666666666666
3 0.5441666666666667 0.6716666666666666 0.145 0.15666666666666668
3 0.4775 0.74 0.08166666666666667 0.12333333333333334
2 0.17333333333333334 0.8133333333333334 0.23666666666666666 0.37
3 0.3775 0.6433333333333333 0.051666666666666666 0.08666666666666667
3 0.41083333333333333 0.8316666666666667 0.025 0.043333333333333335
3 0.8858333333333334 0.7633333333333333 0.11833333333333333 0.056666666666666664
3 0.7725 0.675 0.205 0.10666666666666667
3 0.7016666666666667 0.6683333333333333 0.08 0.04666666666666667
3 0.9241666666666667 0.905 0.14833333333333334 0.12333333333333334