5 0.0890625 0.6515625 0.17734375 0.40234375
5 0.23359375 0.66171875 0.08984375 0.10234375
5 0.4578125 0.7078125 0.10078125 0.06640625
5 0.659375 0.73203125 0.0796875 0.06640625
5 0.5828125 0.84296875 0.16640625 0.12890625
5 0.7734375 0.853125 0.1546875 0.1578125
5 0.6078125 0.49375 0.221875 0.15234375
5 0.45703125 0.575 0.0625 0.10546875
5 0.35 0.384375 0.11484375 0.13203125
5 0.35 0.590625 0.13203125 0.14453125
5 0.62265625 0.30859375 0.18359375 0.15234375
5 0.4734375 0.38359375 0.10390625 0.0625
