5 0.59609375 0.5109375 0.1375 0.096875
5 0.590625 0.6546875 0.121875 0.115625
5 0.77109375 0.7140625 0.1078125 0.084375
5 0.7265625 0.528125 0.0953125 0.04375
5 0.86640625 0.5328125 0.11875 0.05
5 0.8875 0.60234375 0.1109375 0.05625
5 0.45546875 0.7234375 0.146875 0.0921875
5 0.37109375 0.5390625 0.25625 0.16875
5 0.46640625 0.4328125 0.078125 0.034375
5 0.61484375 0.42109375 0.096875 0.034375
5 0.80078125 0.42890625 0.20625 0.06875
5 0.78984375 0.48359375 0.1078125 0.0328125
5 0.9359375 0.48671875 0.128125 0.034375
5 0.89140625 0.3109375 0.2 0.1359375
5 0.7359375 0.36484375 0.0953125 0.05
5 0.2015625 0.446875 0.071875 0.034375
5 0.25703125 0.40625 0.0875 0.0328125
5 0.36171875 0.43359375 0.04375 0.025
5 0.41171875 0.38359375 0.04375 0.025
5 0.475 0.36640625 0.0421875 0.0125
5 0.5453125 0.3671875 0.0640625 0.0234375
5 0.7453125 0.61171875 0.128125 0.1
5 0.62734375 0.3671875 0.08125 0.059375
5 0.17109375 0.54140625 0.0875 0.05625
